_version.3D28.0.23.0.26coreVersion.3Dqemu2.25202.12.0 = 1554735652
_version.3D28.0.25.0.26coreVersion.3Dqemu2.25202.12.0 = 1555464928
